x;y;z
0.00000;0.00000;0.00000
0.00000;0.00000;1.33535
0.00000;0.00000;3.17955
0.00000;0.00000;4.04943
0.00000;0.00000;2.95414
0.00000;0.00000;1.61360
1.04977;-4.11723;1.29503
1.72081;-8.16696;0.00000
1.03389;-9.41924;-1.46669
1.14079;-9.95985;-1.50426
0.00000;-7.79159;-1.76174
0.00000;-5.48038;-1.41446
0.00000;-4.18534;0.00000
0.00000;0.00000;0.00000
0.00000;0.00000;0.00000
0.00000;1.13102;0.00000
0.00000;1.66278;0.00000
-1.14049;3.68138;1.10903
0.00000;2.66673;0.00000
-2.24921;8.08633;1.27701
-1.31367;6.09246;0.00000
-2.43033;8.18254;0.00000
-1.88360;7.85725;0.00000
-2.04915;7.73783;0.00000
-2.37260;7.17400;0.00000
0.00000;2.46392;0.00000
0.00000;1.36620;0.00000
0.00000;0.00000;0.00000
0.00000;0.00000;0.00000
0.00000;-1.27488;0.00000
0.00000;-2.72935;0.00000
1.35337;-6.05459;0.00000
2.74065;-7.81694;0.00000
3.38633;-8.57777;0.00000
2.93918;-8.27875;0.00000
2.91230;-8.88717;0.00000
1.18783;-6.70211;-1.01190
0.00000;-6.34353;-2.10321
0.00000;-1.14415;0.00000
0.00000;-2.08733;0.00000
0.00000;0.00000;0.00000
0.00000;0.00000;0.00000
0.00000;0.00000;0.00000
0.00000;1.42668;0.00000
-1.34299;4.62822;0.00000
-1.78006;6.22319;2.12123
-1.73730;6.81726;1.18294
-1.69301;6.63736;1.03175
-1.95966;8.12481;1.43645
-1.55862;6.87620;0.00000
-1.87811;6.99624;0.00000
-1.97218;5.36095;0.00000
-1.38330;3.97185;0.00000
0.00000;0.00000;0.00000
0.00000;0.00000;0.00000
0.00000;0.00000;0.00000
0.00000;-1.75196;0.00000
0.00000;-4.18015;0.00000
2.21164;-6.61139;0.00000
3.34968;-8.89878;0.00000
2.88817;-8.16513;0.00000
2.30082;-7.39116;-1.09345
2.50546;-7.65720;0.00000
1.77059;-5.59491;-1.46027
1.22356;-5.33530;-1.58856
0.00000;0.00000;0.00000
0.00000;-1.87963;0.00000
0.00000;0.00000;0.00000
0.00000;0.00000;0.00000
0.00000;0.00000;0.00000
0.00000;2.51493;1.07848
-1.66369;5.69846;1.84726
-1.33932;6.05612;1.12308
-2.45873;6.99166;1.61177
-1.70034;6.69447;0.00000
-1.80847;7.36001;0.00000
-2.31090;7.03778;0.00000
-2.71163;6.80809;0.00000
-1.20157;3.58486;0.00000
0.00000;2.55403;0.00000
0.00000;1.28068;0.00000
0.00000;0.00000;0.00000
0.00000;0.00000;0.00000
0.00000;-3.23392;0.00000
1.54793;-5.13524;0.00000
1.83809;-6.46723;0.00000
1.92423;-6.62606;0.00000
2.00669;-6.42752;0.00000
1.61513;-6.44341;-1.08978
2.26417;-7.49990;-1.37017
2.19301;-6.40187;-1.70676
1.04641;-5.01826;-1.25136
0.00000;-2.76355;-1.52961
0.00000;-1.23425;0.00000
0.00000;0.00000;0.00000
0.00000;0.00000;0.00000
0.00000;0.00000;0.00000
0.00000;1.87047;1.08032
-1.85062;5.22778;1.48501
-2.24218;7.02800;1.60383
