x;y;z
0.00000;0.00000;0.00000
0.00000;0.00000;2.06289
0.00000;0.00000;2.96300
0.00000;0.00000;2.74950
0.00000;0.00000;2.82770
0.00000;0.00000;2.61175
0.00000;-2.24371;2.78738
0.00000;-2.26906;2.79868
0.00000;-2.67651;3.35945
0.00000;-2.57388;2.87962
0.00000;0.00000;2.28464
0.00000;0.00000;0.00000
0.00000;0.00000;0.00000
0.00000;0.00000;0.00000
0.00000;0.00000;0.00000
0.00000;0.00000;0.00000
0.00000;0.00000;0.00000
0.00000;0.00000;-2.02166
0.00000;0.00000;-2.90344
0.00000;0.00000;-3.21559
0.00000;3.02684;-4.35761
0.00000;0.00000;-3.57051
0.00000;3.74980;-4.89853
0.00000;2.53876;0.00000
0.00000;2.46545;0.00000
0.00000;0.00000;0.00000
0.00000;0.00000;0.00000
0.00000;0.00000;0.00000
0.00000;0.00000;0.00000
0.00000;0.00000;0.00000
0.00000;-2.39673;0.00000
0.00000;-2.64077;2.54242
0.00000;-5.04697;2.19881
0.00000;-4.11662;2.04212
0.00000;-5.40035;0.00000
0.00000;-6.72288;0.00000
0.00000;-7.64528;0.00000
2.79074;-9.96382;0.00000
2.33442;-10.00842;0.00000
0.00000;-4.23085;0.00000
0.00000;-2.15147;0.00000
0.00000;0.00000;0.00000
0.00000;0.00000;0.00000
0.00000;0.00000;0.00000
-2.08824;7.22745;0.00000
0.00000;7.70271;0.00000
-2.13192;7.58023;0.00000
-2.36344;8.93574;0.00000
0.00000;6.87162;0.00000
0.00000;8.84686;0.00000
0.00000;6.03046;0.00000
0.00000;3.87716;0.00000
0.00000;2.10015;0.00000
0.00000;0.00000;0.00000
0.00000;0.00000;0.00000
0.00000;0.00000;0.00000
0.00000;-2.94620;0.00000
0.00000;-5.05552;0.00000
0.00000;-7.54449;0.00000
0.00000;-9.98123;0.00000
2.22172;-9.95985;0.00000
3.76262;-9.95985;0.00000
2.92666;-9.47483;0.00000
0.00000;-5.50054;0.00000
0.00000;-2.31762;0.00000
0.00000;0.00000;0.00000
0.00000;0.00000;0.00000
0.00000;2.23119;0.00000
0.00000;4.51429;0.00000
0.00000;7.70973;0.00000
-2.29044;9.09120;0.00000
0.00000;6.66759;0.00000
-2.53295;9.43298;0.00000
-2.48989;9.99345;0.00000
0.00000;8.19262;0.00000
-2.00150;6.69478;0.00000
0.00000;2.12398;0.00000
0.00000;0.00000;0.00000
0.00000;0.00000;0.00000
0.00000;0.00000;0.00000
0.00000;-2.10779;0.00000
0.00000;-3.55340;0.00000
0.00000;-6.25954;0.00000
0.00000;-8.33342;0.00000
2.68964;-9.67763;0.00000
3.51981;-9.95985;0.00000
4.15175;-9.95985;0.00000
0.00000;-8.51516;0.00000
0.00000;-5.03506;0.00000
0.00000;-2.16888;0.00000
0.00000;0.00000;0.00000
0.00000;0.00000;0.00000
0.00000;0.00000;0.00000
0.00000;2.52135;0.00000
-2.56930;7.70851;0.00000
-2.60687;8.42933;2.25348
-2.56686;7.76654;0.00000
0.00000;7.19782;0.00000
-2.59679;7.21829;0.00000
0.00000;7.10161;0.00000